1
2
3
4
5
7
8
10
13
14
15
17
18
19
20
21
24
25
26
27
29
30
31
32
33
36
39
41
42
43
45
46
47
49
50
51
55
56
59
60
61
62
63
64
66
67
68
69
70
71
72
77
79
80
81
82
84
85
86
87
88
89
90
91
93
94
95
97
98
99
103
105
106
107
108
109
110
112
113
114
115
116
117
118
119
123
124
125
126
127
128
130
131
132
133
134
139
140
141
143
144
145
146
148
149
150
151
152
154
156
158
159
160
161
163
168
169
170
171
172
173
174
176
177
179
180
181
184
187
189
191
192
194
196
197
198
200
204
206
207
208
209
210
211
220
221
222
226
228
230
235
236
237
238
239
240
241
242
243
244
245
246
247
248
254
255
256
257
271
277
279
280
281
282
283
284
285
296
297
298
299
300
301
302
303
304
305
306
307
308
309
310
311
312
313
314
315
316
317
318
319
323
357
358
370
371
383
384
385
386
387
388
389
390
391
392
393
394
395
396
397
398
399
400
401
402
403
404
405
406
407
408
409
410
411
412
413
414
415
416
417
418
419
420
421
422
423
424
425
426
427
428
429
430
431
432
433
434
435
436
437
438
439
440
441
458
459
463
464
465
466
467
468
469
470
471
472
473
475
505
510
511
522
523
524
525
526
527
528
529
543
544
550
551
552
571
578
589
590
593
611
617
618
647
652
653
654
655
656
661
662
663
664
667
668
673
674
675
726
734
737
743
747
748
749
751
752
754
756
759
760
763
768
769
771
772
773
774
777
778
779
781
782
784
785
786
788
790
792
793
794
797
798
801
803
805
806
807
813
814
816
817
819
822
823
829
830
831
832
838
839
841
844
845
846
847
848
849
854
857
859
861
862
864
866
868
869
871
872
873
874
876
881
882
884
885
887
888
889
896
899
900
901
903
904
906
907
908
910
911
914
915
920
925
930
932
933
934
935
936
940
947
948
951
953
954
958
962
965
967
968
970
972
973
974
975
976
979
982
986
993
995
996
999
